25 32 12 1
-0.0220448 -0.0188757 0.131427 0.0299118 0.373454 0.632876 -0.00377823 0.314641 -0.601914 -0.865107 -0.812654 -0.365178 -0.247591 -0.848616 -0.036444 -0.214741 -0.91222 -0.570307 -0.014371 -0.446788 -0.472257 -0.37747 0.258314 -0.0309431 0.882285 
-0.130086 -0.661778 0.0582323 -0.305372 -0.224834 -0.120067 0.316889 0.0427736 -0.302017 0.0052858 -0.369156 -0.0973704 -0.0736576 -0.118344 -0.155944 -0.0124659 0.518388 -0.165502 -0.238255 -0.29945 0.160271 0.0540584 -0.26119 0.112162 -0.144463 
0.287157 0.595362 -0.187038 0.224408 0.0654873 -0.292821 0.333109 -0.0954652 -0.224496 0.264431 -0.51177 -0.409341 0.106351 -0.118892 0.0377192 -0.362675 0.0313778 -0.032173 0.0269614 0.411047 0.292935 -0.0323724 0.0967905 -0.325425 -0.0666436 
0.291154 0.143802 0.107103 -0.124403 -0.152714 0.657936 0.211175 0.00261823 0.143101 -0.428856 -0.140532 0.0700172 -0.312718 -0.0170307 0.190524 0.0188052 -0.450783 -0.0966221 -0.0520188 -0.424297 -0.0982726 0.336813 0.228148 -0.187525 0.450893 
0.422121 -0.350118 0.126867 -0.231942 -0.292648 -0.160067 0.27324 -0.316855 -0.0996127 -0.138167 0.351796 -0.0927365 0.0312832 0.0291153 -0.0746483 0.194333 0.21569 0.161139 -0.18651 -0.271038 -0.0842907 -0.128291 0.556139 0.120885 -0.150167 
0.329042 0.271118 -0.0789873 0.171633 0.478452 -0.425813 0.189021 0.302757 0.135364 0.00283072 0.294665 0.105605 0.237311 -0.0542947 0.104015 -0.16366 0.316655 0.161521 -0.0416338 0.0690052 0.310377 0.325505 0.556999 -0.478747 0.0152054 
0.38146 0.0817953 -0.171128 0.516818 0.147878 0.121128 0.605035 0.445296 -0.0647326 0.193375 -0.0246645 0.184825 -0.167453 0.257199 -0.0904335 0.743469 -0.334963 0.194147 -0.00855486 -0.212996 0.227473 0.899221 0.279379 -0.208973 -0.250451 
0.329161 0.278743 -0.565902 -0.127038 -0.269254 0.693153 0.230154 -0.037938 -0.206322 -0.188577 -0.290129 -0.0652368 0.00708414 0.287057 0.174852 -0.17618 -0.0252392 0.0131503 0.186916 0.297267 -0.309488 0.0329745 0.00564961 0.0634871 0.118909 
0.116995 0.577281 0.0441989 -0.112689 0.139661 0.400615 0.0755852 0.290007 -0.243444 -0.319623 0.0110527 0.00649671 -0.195632 0.537955 0.372417 0.213637 -0.570539 -0.623097 -0.147542 0.103036 -0.367102 0.0835457 0.00630945 -0.0959247 0.183129 
-0.244744 -0.11127 0.207837 -0.180079 -0.115105 -0.0261974 0.479896 0.163117 0.287209 0.0517711 -0.0172788 0.269744 0.119236 -0.2988 0.101798 -0.188009 0.154588 0.00835144 0.414462 0.481667 -0.188918 -0.000418514 0.0128478 0.0861877 0.288222 
0.118009 -0.140084 -0.197601 -0.226506 -0.225574 0.0616275 -0.360109 0.0716916 -0.0146357 -0.253032 0.308893 0.320491 -0.22533 0.130193 0.372182 -0.298884 0.132328 -0.072697 0.324476 -0.108356 0.0617935 0.134 -0.551753 -0.0812367 -0.408079 
-0.183979 0.048868 -0.140186 -0.105006 0.00820968 0.186626 -0.536097 -0.0562681 -0.219534 0.444553 -0.030908 0.451471 -0.326126 -0.521894 -0.302084 0.178304 -0.493855 0.221525 -0.101195 -0.407595 -1.55474 0.48812 0.0366195 0.182854 -0.0953527 
-0.348501 -0.534699 0.340975 -0.239588 -0.29152 -0.701822 -0.465557 -0.587359 0.298251 0.167489 0.474237 0.442287 -0.104527 -0.565516 0.195237 0.233226 0.0999446 0.32869 0.196757 0.294924 -0.969056 0.484697 0.106755 0.0987332 -0.592102 
-0.068332 -0.256069 -0.0773723 -0.703097 -0.131107 -0.204673 0.445222 0.341563 0.218973 -0.617904 -0.443007 -0.432588 -0.41436 -0.872854 -0.0456438 -0.04813 0.501285 0.549769 0.132145 0.157044 -0.753791 0.427234 0.983597 0.794675 0.556076 
-0.014002 0.0494669 -0.106273 0.00178369 0.0317704 0.261394 0.255281 -0.0534336 0.0619676 0.0907674 -0.387577 -0.0820797 0.236137 0.121185 -0.175629 0.167141 0.156506 0.17678 -0.239567 -0.0579661 0.127125 -0.08164 -0.172127 0.0684244 -0.202872 
0.0790651 -0.30397 -0.274229 -0.425978 0.460171 -0.0486434 0.038257 -0.053177 -0.781365 -0.366772 0.179135 -0.197306 0.183674 -0.345144 0.0168036 0.0397716 0.410659 -0.0996203 0.561663 0.724764 0.482326 -0.369712 0.00593762 -0.214238 0.0274822 
-0.490065 0.208497 0.869475 0.11271 0.285582 0.281311 0.23275 0.0948054 -0.629082 -0.0982481 -0.370214 0.589726 0.148747 0.0488489 -0.0566832 0.0985143 -0.258934 0.198583 -0.098854 2.70101 -0.205003 -0.724775 0.911947 -0.938137 1.10208 
-0.200777 -0.201109 0.0728625 0.0731536 0.104453 0.0168315 0.0145341 -0.0420545 -0.143936 0.182757 0.28359 0.136382 -0.104402 0.0866977 0.188864 -0.38863 0.113948 -0.391599 -0.0300876 0.172962 -0.297067 0.419124 -0.108246 -0.211943 0.614875 
-0.0588857 0.105781 -0.253387 -0.180265 0.314939 -0.498728 0.100014 0.0885074 -0.229361 -0.0019584 -0.41539 -0.256648 -0.148782 -0.382791 -0.0348547 0.213522 0.73421 0.0213794 -0.114416 0.123245 -0.289302 -0.00942794 0.0313293 0.0297249 -0.197219 
-0.00904145 0.223331 -0.0833167 -0.109701 0.0181131 0.169265 0.0415494 -0.172773 -0.341439 -0.905243 -0.0603591 -0.611196 0.2124 -0.141683 -0.123546 0.0920821 -0.0835498 -0.319359 0.442067 -0.250651 0.298251 -0.0298939 0.358769 0.213528 -0.00247328 
-0.278752 -0.56885 0.0207885 -0.278541 0.150784 -0.219299 -0.0531898 -0.101651 0.0970057 0.35798 0.0611921 -0.0566485 0.0355738 -0.149847 0.064365 0.0989316 0.374189 0.0672303 -0.0434418 -0.0332025 0.254549 -0.184547 0.122386 -0.131246 -0.177122 
-0.371248 -0.0701113 0.517291 0.0593615 -0.17386 0.00469482 0.303719 -0.195652 0.158484 0.0707501 0.020323 -0.125912 -0.13124 0.0853577 -0.0904899 -0.472548 0.256495 -0.515467 0.163007 -0.491398 0.105195 0.503219 -0.602065 -0.1674 -0.25795 
0.22157 0.23764 -0.283414 -0.0338946 0.223399 0.122319 -0.210985 0.000751628 0.271636 -0.272297 -0.185594 -0.382562 -0.119049 0.1294 0.0889781 0.389363 0.0746558 0.0365921 -0.0957688 -0.198071 0.073935 0.171896 -0.178215 0.41634 0.499641 
-0.00234159 0.213101 0.240565 0.0597074 -0.118343 0.239459 -0.306479 -0.226983 -0.0873027 0.0710175 0.143995 0.336915 0.40359 0.407547 -0.159928 -0.0638245 0.226324 0.0712382 -0.0946192 -0.163868 -0.208385 0.346017 -0.0567914 0.0780342 0.0778864 
-0.200214 -0.143328 -0.0673996 -0.296265 -0.361464 0.104668 -0.0438021 0.284812 0.152427 -0.281798 -0.229113 0.319239 -0.0541421 -0.103459 0.0378298 0.348016 0.172073 -0.0849888 -0.281683 -0.0126779 0.0430864 -0.267477 -0.0636021 -0.244548 -0.166656 
-0.424066 -0.327007 0.258132 -0.395501 0.3133 0.0400308 0.196205 0.183116 0.118607 -0.140727 -0.0563903 -0.187754 -0.227043 0.188642 0.169193 0.528247 0.251682 -0.108019 -0.0335676 -0.121371 0.193835 -0.126482 -0.0215621 -0.176969 -0.136668 
0.106939 0.0165333 0.0842967 -0.172941 0.019807 -0.197631 -0.13729 -0.00387664 -0.486798 0.124727 0.0653954 0.592263 0.342255 -0.00958856 -0.147273 -0.0384357 0.0263247 0.418411 0.217872 -0.12905 0.133304 0.0418696 -0.143205 0.158029 0.308125 
-0.101693 -0.0347938 0.145801 0.350708 -0.136482 -0.187198 0.101038 -0.149516 0.281926 0.0681539 0.290363 -0.164101 -0.178187 0.0513268 0.282113 0.00377522 0.12767 0.165661 0.0469654 -0.330773 -0.10765 -0.24629 0.0223178 -0.162104 0.105968 
0.075502 -0.0336998 0.205016 0.0873097 -0.176057 0.273508 0.215259 -0.129486 -0.349535 -0.0957026 0.0604548 -0.0720543 0.294296 0.024692 0.425226 0.161089 -0.110248 0.001491 -0.206286 0.0586634 -0.730273 0.534755 -0.114721 0.407913 0.239034 
-0.169679 0.0795626 -0.373643 -0.151728 0.034221 0.290404 -0.0893861 0.199161 -0.0500962 -0.179175 0.112801 -0.181383 0.00397755 0.226972 -0.107194 0.47611 0.062444 -0.383891 -0.199438 -0.162188 -0.670198 0.247737 0.220452 0.0841149 0.221164 
-0.16757 -0.49881 -0.464566 -0.264345 0.132048 0.0264118 -0.125169 -0.0899128 0.0995184 -0.278813 0.0427768 -0.46597 0.200119 -0.472279 0.124462 0.342426 0.298817 0.243718 -0.110416 -0.0365551 -0.300925 -0.0152914 -0.232755 0.301987 -0.15159 
0.450719 -0.146095 -0.330705 0.00989395 -0.273656 -0.451689 -0.481908 -0.0732291 0.283912 1.01783 0.365122 0.570407 0.335525 0.466443 0.110704 0.22876 0.67385 -0.155286 -0.0270325 -0.0826554 0.237096 0.407243 -0.360462 0.428535 -0.357314 
-0.155707 -0.267025 0.107911 0.279525 0.418479 -0.0146764 0.0406017 0.108133 -0.423387 -0.262756 -0.141391 0.26496 0.302151 1.19015 -0.408673 0.16347 0.462322 0.241801 0.0414243 -0.121429 -0.106294 -0.17747 -0.332809 -0.186961 0.342352 -0.166431 -0.170894 0.297865 0.19908 -0.153809 0.216678 0.128921 
-0.562857 0.155472 -0.202641 0.035037 -0.346954 0.297344 0.285068 -0.105491 -0.00451016 -0.15071 -0.17901 0.322854 0.356746 0.204752 0.112054 -0.211515 -0.935775 -0.264759 -0.171434 0.357578 -0.0368436 0.13968 -0.265632 0.22852 -0.202785 0.113499 -0.180309 0.20508 0.134723 0.248358 -0.00291225 0.371678 
-0.475847 -0.225176 -0.250187 -0.584585 0.0429139 0.215851 -0.115017 -0.189451 -0.411188 0.0138362 0.395014 0.344682 0.526253 0.355666 -0.129621 -0.131789 0.0210935 0.230966 -0.0539729 -0.653711 0.549102 -0.32666 -0.0313389 0.16 0.0405126 -0.405394 0.410323 0.0890699 -0.450122 -0.351017 -0.350991 0.68994 
-0.573913 0.253235 -0.00322063 0.0109896 0.264828 -0.340434 0.226375 0.101424 0.0577842 -0.175081 0.123248 0.321587 -0.302051 0.417381 0.205485 0.175691 -0.560639 -0.131206 -0.167236 0.0304568 -0.271102 0.0149611 0.199821 0.119049 0.521632 0.0822959 0.2863 0.318426 0.0560452 0.0194695 -0.265899 0.100537 
-0.258568 0.214707 0.0506668 0.187233 0.288296 -0.0312722 0.55513 0.212708 0.133506 -0.0589106 -0.427237 0.00129505 0.112158 0.112225 0.0193216 -0.279186 -0.505873 0.102774 -0.147821 0.0369541 0.243084 -0.0739461 0.598116 0.194589 0.157423 -0.254781 0.209751 0.0224981 0.0850426 0.298518 -0.190276 0.40917 
0.500253 -0.00736032 0.178382 0.0142242 0.0630471 -0.220776 0.0261843 -0.07872 -0.0431971 0.196829 -0.16556 0.173622 -0.233256 -0.055307 -0.0193568 -0.064095 0.153168 -0.220916 -0.124744 -0.315008 -0.0104672 0.157158 0.0220911 -0.117643 -0.217644 0.142145 0.137577 0.238764 -0.194418 -0.0688481 -0.303006 0.101221 
-0.231315 -0.229207 0.128312 -0.0634005 0.16516 0.12427 0.37386 0.497654 0.355222 -0.188803 0.145841 0.0787621 0.174125 -0.028435 0.000483485 -0.373799 -0.620491 0.183637 -0.0333458 0.320191 0.0781023 0.257906 0.00960155 0.295546 0.564673 -0.205047 -0.0690156 -0.0399146 -0.0728863 -0.107326 0.316306 -0.046128 
-0.325911 0.112923 -0.107908 -0.230455 -0.0184927 0.0152913 -0.0770192 0.0810975 0.0607772 0.254272 -0.0088726 0.200973 0.364487 -0.0659316 0.169408 0.131318 -0.156678 0.167024 -0.229279 0.250386 -0.14151 -0.0857161 -0.102609 0.058353 -0.103016 0.18236 -0.48857 0.11176 0.0345013 0.108183 -0.40852 -0.0386344 
-0.311937 -0.12779 0.0499718 0.662134 -0.320377 -0.317595 -0.033606 -0.188621 0.16482 0.0958258 0.158804 -0.223503 0.188558 -0.114109 0.303918 -0.0991178 0.155059 0.10055 0.181965 0.0102512 0.231519 -0.163189 -0.208182 0.103186 0.0961602 -0.184504 0.212368 0.347294 -0.204848 0.0681665 -0.0140705 -0.269985 
-0.635789 0.130701 0.0497755 -0.134529 -0.202336 -0.283575 -0.020984 -0.0551623 -0.715914 -0.0280609 0.282978 0.460963 0.225722 0.96815 -0.0578577 0.129164 0.299562 0.205402 0.29974 -0.236251 -0.0410598 0.0151174 -0.152055 -0.165232 -0.439065 -0.237071 -0.0735622 0.125321 -0.0894075 -0.115452 0.361195 0.526839 
0.164323 0.330869 0.0876872 -0.362362 -0.057916 0.199198 -0.774207 0.357825 -0.530441 -0.162195 0.251524 -0.910077 -0.277065 -0.551101 0.198443 0.0688253 1.43745 0.0952079 0.0969729 0.400923 -0.00881037 0.514958 0.278206 0.19494 0.0141852 -0.0806239 0.00491278 0.0391272 -0.380552 -0.25072 -0.178739 -0.0547084 
0.278395 0.0682219 -0.119804 0.0596432 -0.236752 -0.0303251 -0.204352 -0.0585798 -0.24454 0.185522 -0.0887032 0.0105726 -0.513931 -0.328191 0.110437 0.0445707 0.1869 -0.0146786 -0.191959 -0.106169 0.358133 -0.0663969 -0.107691 -0.531109 0.461497 -0.00903002 -0.0463362 0.236415 0.198608 -0.00997558 0.107517 -0.0251506 
-0.291996 0.203783 0.0578767 0.398449 -0.0106691 -0.332922 -0.0665062 0.293135 0.332107 -0.0141614 -0.405321 0.093449 0.204446 0.569258 -0.197241 -0.220595 -0.341409 -0.0708217 0.314203 0.128989 0.228222 0.255391 0.121049 -0.120553 -0.14476 0.166858 0.0130484 0.0564116 0.047669 0.234682 0.17756 0.288082 
-0.543723 0.0914002 -0.0480371 -0.301065 -0.0515258 -0.0497558 0.112058 0.449025 -0.0678179 0.326121 -0.151707 0.16899 
0.449982 1.18044 0.224822 0.328926 -0.245764 0.258196 0.226899 -0.00477812 0.88514 -1.18757 -0.251579 0.327122 
0.304 
