25 32 12 1
-0.217988 -0.0502359 0.0785659 0.0344269 0.0186997 0.122914 -0.0362505 -0.0675607 -0.0512355 0.125644 0.0992409 0.106059 -0.498285 0.0149297 -0.0551499 -0.0942493 -0.0300595 -0.0635292 0.0844264 0.0471521 0.1177 -0.0270518 -0.251832 -0.113056 -0.0364945 
-0.208136 -0.00958661 -0.113483 0.00406925 -0.0779392 0.0547902 0.0803365 0.0572998 -0.0616112 -0.013843 -0.01209 0.0729813 0.183217 -0.171249 -0.0147089 -0.0135905 -0.0407329 -0.0342511 0.396251 0.146368 -0.0625399 -0.0481483 -0.193137 0.172605 0.01479 
-0.0665593 -0.0878008 0.114272 -0.0832466 -0.0875501 0.0325377 0.0817524 -0.0466778 -0.0302439 0.033723 -0.0018907 0.295351 0.0161955 0.179145 -0.0639917 0.215972 0.00285874 0.0896001 0.00132559 0.0580353 0.0625944 0.121636 -0.0713401 0.0874514 -0.0130882 
-0.0465792 0.0941416 0.0954425 -0.0788469 0.00817336 0.00932294 -0.0829272 -0.12876 0.0526159 0.024161 -0.0195332 -0.0394774 0.17549 0.0291714 0.161434 -0.0339669 0.104686 -0.139864 -0.0482476 -0.116363 0.0161795 -0.0988126 -0.0042035 0.0850089 -0.0583946 
-0.122498 0.0223741 0.109975 -0.0978173 -0.162807 0.0236025 0.384485 -0.0298736 0.223273 -0.104865 0.036313 -0.0716319 -0.0531097 -0.0404117 0.00980486 -0.0224097 0.0210537 -0.0231512 -0.246676 -0.0331317 0.0995929 0.00885383 0.0455999 0.296842 -0.074915 
0.113943 -0.00344313 -0.127699 0.0357302 0.0850279 0.0272762 -0.130141 0.00123539 -0.0683772 -0.1349 0.0792169 -0.212167 -0.0867356 0.125258 -0.0643652 0.0875214 -0.0453878 -0.025385 -0.0467472 -0.0757416 0.115839 -0.291833 -0.122769 -0.0654499 0.124038 
-0.0858008 -0.0560001 -0.109891 -0.109647 -0.0395177 0.0780189 -0.0180138 0.101117 0.0769608 -0.0220036 -0.0688515 0.113236 0.0311261 -0.0473608 0.0603064 -0.00969297 -0.0561417 0.136699 0.055433 0.000164122 -0.0690731 -0.0808494 0.00335962 0.204334 0.0124124 
0.149907 0.0500555 0.178771 0.154451 0.00935091 -0.0832562 0.103267 0.192825 -0.0445283 -0.0693798 0.0211617 0.151578 -0.016207 -0.204064 -0.0230186 -0.0391128 0.0531784 0.141193 0.00792343 0.148443 -0.15837 -0.0807086 0.108616 -0.0305436 0.12915 
-0.0132689 -0.0444441 -0.0492619 0.0570132 0.0735552 0.030317 -0.0111104 0.00194843 -0.0490017 -0.0267077 -0.106562 0.0405485 0.0567992 0.242098 -0.0210822 0.18805 0.096 -0.0234286 -0.014521 -0.0840593 -0.0562183 0.0184812 -0.000128196 -0.0108564 -0.154589 
0.13475 -0.0954995 -0.0949517 -0.0982203 -0.182114 -0.0774181 -0.129615 0.0565634 0.0283906 -0.116379 -0.0380207 -0.111386 -0.123036 0.0424337 0.110347 0.202978 -0.0138184 0.0338754 -0.0383433 -0.0284238 0.0952829 0.123244 -0.0493331 -0.0300328 0.240617 
-0.0785645 -0.236412 -0.0181265 -0.0977945 -0.0634596 -0.020445 0.140114 -0.164224 -0.0789657 0.263736 0.145432 0.131644 0.0390531 -0.0280856 0.0361205 -0.0396464 0.0444451 -0.0206635 0.074379 0.119816 -0.054098 -0.151678 -0.1057 0.0458032 0.192092 
-0.0244066 -0.145558 -0.0761123 0.139517 0.00905745 0.0321557 0.0182966 0.178454 -0.0357818 -0.138105 -0.0821284 0.175186 0.221159 0.157574 -0.156708 0.0100396 0.0726514 -0.0232432 0.0442168 0.05328 0.0554521 0.0818475 -0.0888514 -0.0994165 0.301888 
0.0939452 -0.058235 -0.012531 0.121891 -0.1249 0.00483988 0.000640606 0.0443149 0.337516 0.0621049 -0.171521 -0.00869738 0.0161524 0.229962 0.00383461 0.0833491 0.182361 0.1493 0.00224935 -0.191104 -0.123052 0.0121925 0.0241445 0.0466054 0.0441677 
0.0469147 -0.0320462 0.0639078 -0.0547765 -0.210223 0.17566 -0.0701699 0.131418 0.0724335 -0.0504814 0.109243 -0.136999 -0.00569309 -0.0796041 0.0594021 0.0116808 0.0335511 -0.0532634 0.185084 -0.150128 -0.0981584 0.0176182 -0.16852 0.139754 -0.0433549 
0.0582556 0.0298325 0.0946595 -0.217403 -0.149414 0.0310157 -0.0631311 0.033183 -0.158227 -0.103302 0.147366 -0.0107343 -0.0121187 0.0140292 0.0183293 -0.118371 -0.0997627 0.0667333 0.298112 0.0917272 -0.185728 -0.414237 0.00133027 0.133065 -0.168929 
-0.0931642 0.0597991 -0.00761871 -0.0821571 0.713282 0.00368588 -0.101773 -0.0438378 -0.108113 -0.018212 -0.107551 -0.120641 0.00926494 0.635028 -0.118332 0.00855725 -0.145803 -0.120243 -0.161027 0.03069 -0.0332559 -0.0606453 0.0387757 0.0122696 -0.0619222 
-0.0110449 0.0174658 0.270318 -0.116187 -0.0854694 0.116013 0.0283641 -0.127779 -0.221382 -0.0226102 0.0845638 0.0267686 -0.15645 0.0525303 0.137936 0.00458965 0.0987322 0.00183373 0.167252 -0.173253 0.0321199 0.141729 0.260126 0.0886478 -0.00569783 
-0.144674 -0.0628011 0.0424803 -0.114996 -0.15309 -0.0128886 -0.0565749 0.0649314 0.105563 0.0282761 -0.0487287 0.00459822 -0.0804714 0.0171726 -0.154868 0.0748402 0.0482567 -0.099668 -0.00754753 -0.12751 -0.0418668 0.0497389 0.0178699 -0.0583685 -0.0491655 
0.08852 -0.13976 0.00923897 -0.0703515 0.0232944 -0.0926595 0.212292 0.0621959 0.198791 0.0886047 -0.231873 0.0382537 0.0329714 0.147619 -0.0479767 -0.0861403 -0.233009 0.0165058 -0.273884 0.179785 -0.13387 0.144683 0.255725 -0.117234 -0.0411032 
-0.00532117 0.0168771 0.0926911 0.148243 0.00339995 -0.258518 -0.0270369 0.206888 0.126509 -0.0393532 -0.485931 0.15717 -0.112869 -0.0107579 -0.0506649 -0.0439111 -0.0413624 -0.190185 0.06079 -0.210272 -0.0387783 0.0339626 -0.137905 0.0163073 -8.3708e-05 
0.19138 -0.0709127 0.0300158 0.0865192 -0.0166219 -0.076439 0.08633 -0.0449774 -0.0727054 0.0500498 0.129183 -0.0200406 0.217425 -0.13731 0.157763 0.0116778 -0.148381 -0.0892625 0.0273486 -0.0790618 -0.0672888 -0.110688 -0.0701558 -0.0718956 0.126446 
-0.0603777 0.24397 0.0751073 -0.0250307 0.0419018 0.0410048 0.101094 0.0221243 0.13765 0.131258 0.065453 -0.00368181 -0.197859 -0.0227726 -0.164632 0.1151 -0.12664 0.161 0.0642392 0.164212 0.002795 -0.043003 -0.00623337 0.0488286 0.1215 
-0.192914 0.136387 0.208535 -0.00274164 0.0784607 -0.113609 -0.00588262 -0.196017 -0.0103539 0.0761678 -0.0475331 0.123004 -0.0194899 0.0197988 -0.0809392 -0.00380515 0.0788522 -0.0519097 -0.116922 -0.0810041 -0.128732 0.143809 -0.168318 0.0956554 -0.0471919 
-0.0266161 0.114759 0.205186 0.0642548 0.0520262 -0.142242 0.0668407 0.0372832 -0.0572818 0.0356933 0.25387 -0.0240381 -0.0234562 0.0436204 0.0326537 -0.0448331 0.0328536 -0.104297 0.0766835 -0.0195168 -0.0343019 -0.121463 0.148152 0.0707161 -0.0804472 
-0.0406777 -0.0746643 0.189079 0.0621569 0.0774675 -0.0387171 0.0858342 0.0249652 0.109634 -0.182674 0.223943 -0.107985 0.133675 0.040216 -0.142137 0.0899193 0.0466687 0.0114846 -0.0519635 -0.0737397 -0.262831 0.052245 0.0567614 0.0921859 0.0185722 
0.0795782 -0.010809 -0.0851056 -0.0635589 -0.0967908 -0.0314863 0.147281 0.148127 -0.0387593 -0.184855 -0.027347 -0.0409726 0.00479581 -0.433636 -0.16455 -0.00302747 -0.00460535 -0.114053 -0.0925086 0.0894058 -0.0427149 0.118319 -0.140599 0.0729166 -0.166968 
0.064322 -0.0444036 0.19582 -0.132225 0.210503 0.275305 0.00697305 -0.161794 0.0320218 0.106863 -0.184141 -0.0170311 -0.0718455 0.168214 0.0115554 -0.0925665 -0.146868 -0.0502055 -0.280269 -0.116079 0.0225091 0.0430107 0.155684 -0.170995 0.0770772 
0.0119905 -0.160677 -0.00819372 0.0285423 0.073018 0.038622 -0.0826019 0.161018 0.139135 0.0828012 0.0895266 -0.0966946 -0.132417 -0.0887179 -0.0425165 0.0368137 -0.162599 -0.0228604 -0.147607 -0.108257 0.13463 -0.118553 0.0796248 0.0227105 0.0944341 
0.129036 -0.00554792 0.0147484 -0.117465 -0.106634 0.00630121 -0.123264 -0.0474875 0.172405 0.0383739 -0.0268353 0.00376551 -0.0438419 -0.00546625 -0.186157 -0.0528629 -0.0423007 -0.0679557 -0.37933 -0.0585663 0.0113139 -0.0542629 -0.0574002 -0.094419 -0.131664 
-0.0574456 -0.0511451 -0.193938 -0.0338866 -0.143223 0.0116837 0.0528781 0.108155 -0.160477 -0.118366 0.103222 0.185974 0.0162919 -0.00415403 -0.182099 0.0668247 0.0997833 0.141928 -0.178439 0.036345 -0.103044 0.0506479 -0.172402 -0.174931 -0.0897892 
-0.0475834 0.188443 -0.0908767 -0.0726241 -0.1076 -0.142573 0.039579 0.0694311 -0.0290045 -0.0237907 0.0160928 0.0488878 0.364437 0.0809969 -0.0674479 0.280338 -0.0276293 0.0193853 -0.0467861 0.123084 -0.0127495 -0.00887805 -0.0623044 -0.0318678 -0.0821209 
-0.00913419 -0.152144 0.11487 -0.128069 -0.223461 -0.012175 -0.000472625 0.12782 0.0842002 0.127979 -0.0163633 -0.119751 -0.0641752 -0.16009 0.183366 0.469805 0.0314852 -0.0434729 -0.12658 0.0360977 -0.0412601 -0.0150295 -0.00242611 0.0182483 -0.056051 
0.00875399 -0.0401443 -0.016081 0.0685957 0.164668 0.200988 -0.0213011 0.065118 0.088139 -0.212168 0.081773 0.0586509 -0.0571144 -0.0970011 -0.110641 -0.14254 0.0363526 -0.366985 -0.0312964 -0.0593996 -0.0186398 -0.0713261 0.0713662 -0.0173798 0.0601842 -0.0556153 -0.113647 0.0190868 0.193544 0.102584 0.107465 0.0233356 
-0.0752542 0.0485984 0.0644661 -0.0203618 -0.00316162 0.0325995 -0.013317 0.285545 0.0951969 0.020129 -0.0289422 0.049825 -0.121765 0.0237934 0.0480491 0.273405 0.0422884 0.0694731 -0.0397656 -0.0118491 -0.0218439 -0.150263 0.0881555 -0.0674864 0.170698 -0.0591452 0.0191938 0.224654 -0.207368 -0.00663341 -0.0120791 0.044498 
0.190097 -0.0435304 0.145663 0.200343 0.0524214 -0.0620145 0.062153 0.0799221 0.0980006 -0.0210653 -0.130301 0.0502704 0.0984398 -0.0282923 -0.206129 0.107183 0.0885626 0.322353 -0.0742924 -0.130721 -0.121324 0.0429348 0.156928 -0.20323 -0.103962 -0.0390199 -0.171869 -0.100791 0.0910024 0.181884 -0.10683 -0.0139882 
0.059097 0.0769546 -0.0213556 0.194184 0.0894047 -0.032502 0.0505727 -0.0151418 0.142745 0.198239 0.00284508 -0.0997076 -0.187447 0.0342368 0.151034 -0.0358252 -0.0801983 0.107405 0.0229908 -0.009199 -0.092288 0.192436 0.133789 0.71692 0.335134 -0.175019 0.0434896 -0.0730466 -0.0460693 0.0584925 0.0257228 -0.0921516 
0.0171572 0.130262 0.0049599 -0.0914385 0.0997593 0.0242562 0.0256445 0.0950148 -0.00456296 0.120195 0.127911 0.0525799 0.178753 -0.0711734 -0.0935734 -0.0151131 0.0494417 -0.177235 0.0635179 0.064109 -0.147094 -0.181973 0.0328008 -0.0325358 0.0981644 -0.0642227 -0.0146885 0.225771 -0.0429453 0.0538088 -0.379303 -0.0476086 
-0.0570435 0.0293128 0.0870204 0.174266 0.113955 0.113822 0.0430849 0.000918507 0.147123 0.0236782 0.0637872 -0.0436635 0.174369 0.0154154 -0.0603803 -0.20254 -0.0151761 -0.0478382 0.231947 0.00664444 -0.0081944 -0.14064 0.182835 -0.215141 0.0891401 0.0155506 -0.227494 -0.0332155 -0.0695886 0.133757 0.0299093 -0.150158 
-0.0681484 0.0494661 -0.0688655 -0.0589644 -0.0994808 0.00581296 0.0887157 0.00508188 0.00116574 0.190378 0.216602 0.103069 -0.0269931 -0.11606 0.0452711 0.129975 0.0239025 0.140647 -0.124579 0.0801958 -0.0410982 -0.0210029 0.0300433 0.0274011 -0.0263458 -0.0590852 0.0249163 0.0281457 -0.24636 0.19005 0.0579766 0.0192545 
0.054338 0.101411 -0.0867774 -0.0873478 -0.0243719 0.072346 0.0210416 -0.0856095 0.140013 0.0687559 -0.0772793 -0.0969738 -0.112383 0.0767788 0.0909138 -0.075546 -0.211556 -0.120283 0.148591 0.090301 0.17465 0.0301174 0.0415805 -0.077102 -0.291846 -0.00845496 0.0144236 0.138143 0.184781 0.110823 0.0828525 0.0526036 
-0.0335832 0.109122 -0.0556015 -0.0778849 0.0721447 0.111175 -0.0922422 -0.0889288 0.0560268 -0.0181949 0.0368622 -0.000287264 -0.151679 -0.163833 0.0181764 0.0348245 0.110128 0.0138594 -0.0378476 -0.0367108 -0.0111478 -0.418325 -0.0418205 -0.0669171 -0.273902 -0.0656384 0.0393157 -0.0778963 -0.0338587 -0.00259648 0.0917581 -0.0372268 
0.0567399 0.120448 0.0129668 0.0422834 0.0356844 0.0542003 0.00107212 -0.0260718 0.224171 -0.0398913 0.00248994 -0.052744 0.0229678 -0.0337501 0.0606553 -0.0157731 0.0583831 -0.0207448 0.0869326 0.0243836 0.134546 -0.0598311 0.155575 0.192486 0.0347345 0.147268 0.0173271 0.262738 -5.30003e-05 -0.0883231 0.0185351 -0.00378247 
-0.030554 0.321452 -0.153884 -0.0105855 -0.0951966 0.060252 -0.013899 0.170124 -0.0491544 0.123881 -0.0583263 -0.0458107 0.0213324 0.0745985 0.052406 -0.129692 -0.0717385 -0.00491476 -0.0270736 -0.057979 0.138798 0.186401 -0.0359626 -0.156766 0.0229454 -0.00672288 0.0429769 -0.0713542 -0.0456759 -0.0497699 -0.070079 -0.289462 
-0.0883796 -0.00197303 0.110188 0.109448 0.145952 -0.0211457 -0.0218577 0.10695 0.0431288 -0.0162634 0.0688013 -0.0601869 -0.0504862 0.105109 0.126273 -0.0385889 -0.0225836 0.0629702 0.0539598 -0.169737 0.116657 -0.0084877 -0.0314501 -0.165003 0.0743592 -0.0954269 -0.0578471 0.00756076 -0.0931943 0.0625342 0.0473343 0.126603 
0.16747 -0.0442303 -0.200742 -0.0379562 0.0624559 -0.00694967 0.0464322 -0.195694 0.0225345 -0.229336 -0.152704 -0.041452 -0.0576566 0.0501545 -0.402851 0.178705 -0.057554 -0.0687429 0.158765 -0.106394 0.100081 -0.0201822 0.0470573 -0.00583482 -0.0468446 -0.013598 -0.0597772 -0.0498653 -0.0932523 -0.0116435 0.0765816 0.0174684 
-0.0206958 0.0145501 0.0546801 -0.09064 0.0580092 0.040315 0.177093 -0.0662217 0.0402939 0.185335 -0.0290649 0.0538353 
-0.213686 0.0980555 -0.0162584 -0.0958086 0.0365437 -0.229747 -0.161677 -0.0557458 0.1683 0.501705 0.00643507 -0.0371648 
0.0619267 
