25 32 12 1
0.02823 -0.403431 0.0255346 0.453468 -0.364858 0.0468577 0.113722 0.122699 0.0356627 0.104295 0.063311 -0.0491935 -0.462094 0.364841 -0.071382 0.197104 -0.0463388 -0.126122 0.0349863 -0.113815 0.000145297 0.351706 -0.102598 -0.469154 0.0720966 
-0.180325 -0.136773 -0.355157 0.0943226 0.378949 -0.0729413 -0.119151 0.299278 0.29542 0.0963284 0.324703 -0.116041 0.242866 -0.289059 0.238798 0.106148 -0.256944 -0.07548 -0.174839 0.419186 -0.266625 -0.394798 -0.349791 0.11796 -0.35953 
-0.296533 -0.190122 -0.339662 -0.233583 0.134498 0.516259 -0.0235512 0.665874 -0.104943 0.063083 0.324301 -0.203475 -0.158964 -0.299303 -0.330703 0.520814 -0.25234 0.275428 0.246214 0.614495 0.450413 -0.471848 0.580289 0.487365 0.14986 
0.305398 -0.291006 0.116231 -0.225561 0.082608 0.52556 -0.222546 -0.577262 -0.242915 0.0255835 -0.091732 0.000656844 0.223622 -0.403601 0.0363695 0.350392 0.170092 0.264782 0.142834 -0.303739 -0.43725 0.0980721 0.144708 0.252847 0.0745585 
-0.540016 -0.205106 -0.169373 -0.10046 -0.0705745 -0.40486 0.352967 -0.36771 0.440753 0.337953 -0.264644 -0.2121 -0.438266 -0.348723 -0.566662 0.00073472 0.489721 -0.41704 -0.428453 -0.525763 -0.213075 0.410559 0.326849 0.495903 0.463671 
0.228062 -0.070957 -0.407183 -0.100435 -0.291158 -0.427025 0.395197 0.356474 0.491146 0.0381877 -0.226165 0.239116 -0.31298 0.312255 0.106182 -0.0241708 -0.210066 -0.390963 0.159547 -0.482045 0.00787502 -0.127809 -0.107178 0.0598406 0.598905 
-0.0921058 -0.0379053 0.30027 0.254506 0.205915 0.332234 0.0144914 -0.00872002 0.136824 -0.486204 0.155048 -0.631119 0.435538 0.168478 0.300278 -0.741968 -0.229094 0.216718 -0.0156341 0.35729 0.342324 -0.443473 0.248906 0.00144375 0.120341 
-0.079837 -0.215875 -0.463081 -0.0661952 -0.377213 0.321879 -0.256137 0.617909 0.0965651 -0.270604 0.182108 -0.1842 -0.285478 0.00567832 -0.22413 0.215241 -0.00239523 0.011435 0.282049 0.0135177 0.00137855 -0.374375 0.265203 -0.179276 0.54343 
0.200173 -0.128284 0.193938 -0.0473086 0.446421 0.560295 0.0429687 -0.218757 0.299856 0.643523 -0.12972 -0.689027 0.388102 -0.116899 0.231048 -0.0156276 0.0222638 0.00515605 0.415197 -0.0151961 -0.00761801 -0.269803 -0.305549 -0.596268 0.388537 
-0.190194 -0.248891 0.486258 0.496514 -0.199432 0.306047 -0.0865126 0.0954634 0.316613 0.544308 -0.237603 -0.26061 -0.106244 0.0152354 -0.249498 0.406928 0.0205566 -0.253322 0.305262 -0.410193 -0.966996 -0.497376 -0.0461739 0.296471 -0.15098 
0.123794 -0.102463 0.109364 -0.000235988 -0.0589405 -0.198343 -0.0447346 0.33084 -0.0867498 0.196554 0.230489 0.719585 -0.12445 -0.156675 0.21037 -0.163075 -0.602172 -0.144965 0.0975121 0.23455 -0.151995 -0.0678998 0.224981 -0.183734 -0.470949 
0.491027 0.336574 -0.407018 -0.22746 -0.192299 0.0207179 -0.156447 -0.0362049 -0.359229 -0.588937 -0.118649 -0.440196 -0.466937 -0.318151 -0.0239495 -0.322759 0.262642 0.0238202 0.331937 -0.269214 -0.54741 0.220281 0.811564 -0.502988 0.144199 
-0.135128 0.517237 -0.0788254 -0.236564 0.337596 -0.155317 -0.0234986 -0.0857911 -0.0220327 0.214621 0.0246656 -0.695068 -0.179394 -0.317944 0.242124 0.167832 0.370293 0.142051 0.613083 -0.214835 -0.460808 -0.278674 0.0213888 -0.51761 -0.200019 
0.00122638 -0.525366 0.196797 0.178173 -0.149486 0.463753 0.0713587 0.0213505 0.626533 -0.360406 0.112268 0.572419 0.110958 0.228224 0.106057 -0.444848 -0.276168 -0.286221 -0.322734 0.854872 0.64197 0.102372 0.378167 -0.514505 0.378791 
-0.116735 -0.158543 0.317905 0.068374 -0.218787 0.0478287 -0.173043 -0.0825325 0.616062 -0.361957 -0.490854 -0.174396 0.26999 0.117444 0.0491772 0.241613 0.316548 0.552501 0.206573 -0.405519 -0.0833552 0.240421 0.452171 0.0141163 0.0918118 
0.450417 0.251869 0.24575 0.143736 -0.079368 0.0147562 -1.08298 -0.102348 -0.0931366 0.110476 0.0599062 0.102579 -0.167486 -0.129761 -0.205034 0.237733 -0.154166 -0.251316 0.224905 0.0490446 -0.659049 0.0452887 -0.305801 0.30364 0.0898485 
0.336671 -0.173884 0.404954 -0.426681 -0.116746 -0.0724446 0.0256001 0.237307 -0.435658 -0.00382002 0.163567 -0.789547 0.302136 0.120623 0.146628 0.246497 0.206924 0.111386 -0.140661 -0.459308 -0.267519 0.322125 0.375076 0.0388474 -0.155069 
-0.148795 0.0702736 -0.024047 0.382393 -0.174386 0.63152 -0.0518578 -0.279667 -0.264686 -0.0610308 0.26085 0.108106 -0.0541517 -0.0535045 0.610409 0.324758 -0.0529175 -0.324628 -0.220873 -0.431237 0.554863 -0.0920319 0.02141 -0.026423 -0.195489 
0.0669739 -0.0351361 -0.401537 -0.444762 0.217404 -0.149802 0.490741 -0.309749 0.0129348 -0.225434 -0.144651 0.0979897 0.173572 -0.145554 0.453815 0.262427 0.393358 0.556698 0.476795 0.120741 0.114919 0.0467826 -0.0873872 0.210836 -0.774773 
-0.214583 0.223376 -0.173149 0.380709 0.235882 -0.319862 0.00448704 0.0365128 -0.494691 0.228904 -0.0494202 0.290235 -0.237898 -0.231035 -0.099865 0.139986 0.142226 0.451448 -0.127258 -0.210483 -0.337373 -0.181368 0.0120734 0.532786 -0.410491 
-0.391698 0.250002 -0.417225 -0.158076 0.499153 0.235092 0.0268516 -0.0662754 -0.257344 -0.579789 0.603786 0.00950187 -0.685373 0.313469 -0.128296 -0.333133 -0.253983 0.0224546 0.26024 0.319558 0.0932713 -0.0126866 0.173204 -0.415046 -0.188829 
0.122093 0.412462 -0.188612 0.315805 0.504723 -0.246894 -0.033703 -0.136656 0.132156 -0.276011 -0.229277 0.262125 0.305155 0.108274 -0.811572 0.265366 -0.271501 -0.384511 -0.197329 -0.185764 0.474528 -0.453284 0.0614869 0.273091 -0.384592 
0.432444 -0.590993 -0.0314104 0.325581 0.15974 -0.0458069 0.432007 -0.135225 0.352479 0.151751 -0.0739345 0.281628 0.437501 0.323442 0.0420963 -0.110809 0.0187428 -0.0882681 -0.293673 -0.140611 0.256681 -0.144278 0.403079 -0.155914 -0.126853 
0.306901 -0.244799 0.256765 -0.0835589 -0.371901 0.152578 0.273034 0.199964 -0.0252056 -0.00303879 -0.248549 0.369011 -0.328635 0.038246 0.14784 0.595252 -0.035982 -0.186871 0.325696 -0.145415 0.268603 -0.174036 0.013811 -0.54837 -0.131044 
0.0351253 -0.211928 -1.01507 -0.541721 -0.552409 -0.0942791 -0.130743 -0.621609 0.44813 0.756257 0.430874 0.449111 -0.0935543 0.423982 -0.112068 0.587066 0.340545 -0.0231102 0.0117798 0.429914 -0.00120039 0.499157 0.0918352 -0.104989 -0.530751 
-0.0945439 0.340233 -0.0753313 0.344566 0.0738413 -0.0899125 0.15785 -0.194433 -0.271747 0.0581253 -0.0101561 0.163154 0.685704 0.271584 0.162733 0.2493 0.204037 -0.0402667 0.146398 0.419637 -0.085503 -0.437383 0.0185992 -0.25581 -0.16625 
-0.690777 -0.764908 0.0334245 -0.274121 -0.0717751 0.270308 -0.305676 -0.451903 0.287219 -0.011936 0.0617042 0.0512295 0.202463 0.12359 0.0881194 0.177142 -0.464156 -0.0602454 0.0578632 0.163582 -0.567449 -0.0913412 0.144172 -0.00407086 -0.0679309 
-0.276761 0.098408 -0.208914 0.121715 -0.300179 -0.0576365 -0.209137 -0.012418 0.234419 0.0930085 0.223378 0.871072 -0.602538 0.0715716 0.445833 -0.170636 -0.0344083 0.4049 -0.550237 -0.174353 -0.170677 0.596714 0.3253 0.193112 0.348608 
-0.103765 0.208168 0.378844 0.0560046 -0.169003 0.131777 0.115415 -0.436486 -0.132279 0.0492916 -0.0434583 0.393391 0.450993 0.228578 0.176519 0.148558 0.250242 -0.0723008 -0.383137 -0.0681694 -0.564576 -0.235173 -0.533556 -0.216664 -0.39339 
-0.402878 0.140055 -0.213315 -0.0210032 -0.477458 0.198095 -0.131147 0.15755 -0.303898 0.000630018 0.0188097 -0.701147 0.528523 -0.22106 -0.127261 -0.0291474 -0.296221 0.0320843 0.314973 -0.834279 -0.354354 0.397067 -0.575198 0.159704 -0.534492 
-0.505777 0.0939379 0.250561 0.440342 0.149526 -0.205071 0.621465 -0.555342 0.119465 0.147624 0.142342 -0.0529308 0.0161707 -0.207892 -0.0135651 0.0875444 -0.0553429 0.162948 0.110509 -0.314863 0.158846 0.437996 -0.374585 0.0479368 0.0142804 
0.522126 0.222259 -0.0991845 -0.184883 0.394235 -0.328798 -0.0263103 0.326241 -0.0413615 -0.208931 -0.341545 -0.553276 0.191969 0.31202 -0.0718757 0.140443 0.202439 0.0664261 -0.166384 0.209897 -0.094397 -0.318643 0.437517 -0.39938 0.213988 
0.383969 0.605817 0.375397 0.0387155 0.413219 0.13039 -0.175417 -0.231209 0.284333 -0.409521 0.105443 -0.514245 0.064076 0.175591 0.30961 0.500383 -0.378245 -0.304643 0.293061 0.486772 0.158246 0.140891 -0.279569 -0.20382 0.688073 -0.43471 0.218984 0.29869 0.322431 0.021894 -0.424811 -0.222872 
-0.157978 0.0881436 0.041006 0.401724 0.140771 -0.153395 0.434354 -0.058005 0.226691 -0.492187 -0.201351 0.34831 0.22841 -0.412155 0.155204 0.00980191 0.27344 -0.129308 -0.101687 -0.103491 0.303387 0.277594 -0.130197 -0.0158253 0.0212757 -0.232936 0.319493 0.384934 0.0538866 0.389283 0.158498 0.0288527 
-0.221791 0.0772226 -0.193715 -0.237275 -0.157924 -0.131306 -0.515615 0.429272 -0.0667805 -0.558737 -0.0613176 -0.0396607 0.0711663 -0.19946 0.186111 -0.490279 -0.456842 -0.116808 -0.0719359 -0.0240688 -0.527634 -0.0580381 0.169297 0.122773 0.180765 0.168731 0.0311569 -0.139524 0.295662 0.0438615 0.0912638 0.379644 
0.306559 -0.109769 0.0155462 0.275447 0.373197 0.391499 0.435006 0.0458007 0.20972 0.351685 -0.285827 0.170024 0.0187763 -0.718292 -0.297535 0.159621 0.0681323 0.176379 -0.155531 0.139236 0.608789 -0.429828 0.723282 -0.244032 0.805919 0.0800733 0.222768 -0.135136 0.0309947 0.183794 0.433913 0.118894 
-0.0819877 0.283912 -0.141499 -0.0403436 -0.395964 -0.339122 -0.2751 -0.447126 -0.1604 0.726752 -0.046162 -0.240232 -0.440401 -0.35131 -0.064878 0.518108 0.100087 -0.561881 0.765245 0.323534 0.28991 -0.0538365 0.184524 -0.62708 0.339333 -0.311167 0.202696 -0.000610029 0.224946 -0.044135 -0.11819 0.0204552 
-0.15984 0.0323707 0.28811 -0.296784 -0.340936 -0.138149 -0.141075 -0.0642721 -0.028473 -0.610912 -0.214626 -0.13402 0.155496 0.178281 0.314638 -0.000205432 -0.233766 -0.178368 0.426129 -0.491798 0.254783 0.444814 -0.211241 0.26999 0.343305 -0.231102 -0.181954 -0.487014 0.226987 -0.818685 0.243851 -0.452906 
-0.155963 0.203528 0.388127 0.385165 0.331237 0.0770422 -0.324596 -0.524916 -0.0501864 0.196383 0.343065 0.0265622 -0.12847 -0.0323706 -0.261866 -0.115812 -0.0778456 -0.459092 -0.570109 -0.444809 -0.525549 -0.673392 -0.437496 -0.10303 0.546182 -0.432356 0.15191 0.199373 0.446349 0.547834 -0.162422 0.0195425 
-0.205251 0.40076 0.0821193 0.320152 -0.0614335 -0.271293 0.0519638 -0.0967958 -0.326867 0.409043 0.20397 0.0673991 -0.102435 -0.164115 -0.176518 -0.307288 0.162754 -0.296288 -0.24556 0.0173081 0.0595883 -0.177226 -0.071898 0.0562156 0.113664 0.0317465 0.476908 0.136561 -0.374171 0.135302 -0.552186 -0.507426 
0.0832139 -0.278077 -0.102149 0.230806 -0.0663915 0.0905168 -0.39068 -0.0387147 -0.420169 -0.34733 -0.0624148 0.267393 -0.144488 -0.136861 0.241059 0.713347 -0.299432 0.0434768 -0.0547985 -0.130238 -0.136872 0.114911 -0.841049 0.103293 0.0735419 -0.52967 -0.302082 0.148787 0.203089 0.0271951 -0.241013 -0.024531 
-0.081893 0.349438 0.573436 0.208445 0.0910775 0.202748 0.0834303 -0.288097 0.0198776 -0.148268 0.172455 -0.0933283 -0.740573 -0.238825 0.369964 0.448225 -0.485159 0.370254 -0.0615999 -0.224561 -0.0627835 -0.16046 -0.0141553 0.103775 0.0634502 -0.9391 0.108991 0.405743 0.0312011 -0.25862 -0.391318 -0.225197 
-0.433196 -0.464515 0.256736 0.302447 -0.303918 0.181679 0.313502 0.152627 0.480479 -0.20665 -0.299004 0.776682 0.0519216 -0.276301 -0.0385841 0.265398 -0.113653 -0.427806 -0.125681 -0.00930326 -0.131101 0.336587 -0.549863 -0.367997 -0.12625 0.453133 -0.312627 0.0431104 0.613091 -0.159288 -0.17255 -0.237433 
0.168748 0.0125512 0.259895 0.184979 -0.196386 0.281699 0.0629256 0.27506 -0.015542 0.158347 -0.0836587 -0.17832 -0.502796 0.332759 0.334328 -0.069676 0.356417 -0.00210204 -0.0655537 -0.605377 0.149847 -0.178789 -0.469594 -0.515871 -0.623181 0.0338374 -0.288236 -0.0906765 -0.227069 -0.171308 0.391558 -0.0630778 
-0.209489 -0.433412 -0.0281949 -0.0355637 -0.0104541 -0.0980178 0.398331 -0.370373 0.0305927 0.147786 -0.0131883 -0.156605 0.084543 0.0255133 -0.157427 0.449423 -0.215695 0.0755481 0.207425 -0.0212099 -0.235585 0.223758 -0.258406 0.128104 -0.155115 0.54892 -0.387394 -0.197305 0.711468 0.15671 0.085673 0.218515 
-0.272761 -0.067766 -0.268563 0.112088 -0.0832262 0.0931353 0.138275 0.232602 0.421124 -0.132683 -1.12527 0.636604 
0.122208 0.417919 0.637833 0.437758 -0.244375 0.720954 0.117261 -0.110555 -0.0492692 -0.703118 -0.302993 -0.214419 
-0.0651128 
